0.08576260927078458
0.0001628184675856566
0.0019199564756273097
0.006500986251900731
0.023396981303786858
0.021789702796860395
0.04383750508309849
0.030575613712562587
0.093988075776784
0.07742428702458083
0.08979877929091332
0.05982779803324488
0.19084208178629306
0.051279360052543736
0.07084474804139888
0.056558901499320365
0.07186913013927841
0.017169186879783187
0.029795141414351956
0.012684859669286916
0.014427678519970174
0.0032815710556424035
0.0007689217178505043
4.088821231731147e-05
0.06524767784001272
