151
118
12
30
29
73
170
170
170
43
4
29
204
22
109
4
109
22
187
63
7
64
213
11
22
81
22
218
11
64
109
22
150
130
154
18
105
22
3
18
128
121
27
36
93
133
36
9
4
36
170
73
22
137
137
208
123
120
129
81
137
50
252
151
11
134
204
13
86
170
137
170
187
193
150
228
73
137
190
54
42
151
237
204
12
28
28
93
208
137
137
170
73
93
147
43
105
135
86
86
43
137
111
218
69
208
18
111
43
43
218
6
135
23
23
23
208
28
111
23
124
30
331
207
27
30
207
109
167
109
63
63
148
90
78
78
78
0
3
3
64
218
218
76
86
43
130
204
181
222
4
3
231
35
38
80
290
177
144
30
201
169
13
120
104
0
154
169
154
73
73
154
3
59
58
59
248
154
3
3
8
315
152
154
201
304
201
42
156
35
80
80
46
0
102
187
178
178
78
201
117
189
46
243
30
0
274
57
153
36
4
187
152
17
50
3
22
95
84
29
11
180
128
128
129
88
59
42
4
201
154
78
59
10
162
117
74
74
36
204
117
22
142
61
169
110
121
106
164
22
82
22
130
154
0
152
119
274
42
185
171
77
59
187
3
80
89
201
201
187
4
22
142
204
189
84
36
65
36
74
63
178
62
192
4
290
84
109
129
4
38
188
101
38
22
142
22
11
72
173
106
76
42
130
233
285
61
50
50
187
177
4
119
329
189
294
29
130
167
38
212
109
131
266
154
290
89
4
23
95
3
167
58
117
50
184
128
128
49
231
3
259
290
153
153
84
84
84
84
84
84
115
84
72
72
72
72
115
141
72
72
72
72
72
72
96
89
174
174
174
174
239
239
102
7
266
266
188
188
188
188
188
188
57
57
57
57
57
95
82
82
82
82
185
95
203
185
185
185
280
232
232
232
340
340
238
238
26
259
146
146
146
146
221
172
172
289
98
98
336
307
306
306
291
42
42
145
42
181
59
59
59
59
59
59
13
195
141
183
110
110
110
74
33
36
36
296
296
296
178
178
97
97
136
109
30
27
167
29
29
29
265
265
265
167
183
248
106
285
41
41
41
41
148
148
55
55
250
175
165
136
175
157
175
157
67
58
0
58
58
58
58
58
58
58
58
58
156
92
92
5
5
5
5
5
165
5
165
165
165
165
33
9
129
4
4
4
4
4
4
35
35
22
22
22
50
293
161
161
161
161
160
179
78
78
78
78
71
17
210
210
210
50
50
81
81
81
5
5
249
0
0
0
0
0
3
3
38
38
117
117
117
117
90
274
352
16
16
16
16
16
16
16
16
144
144
144
169
169
115
115
115
115
177
161
177
177
177
177
177
242
242
272
141
141
141
141
141
141
141
141
141
141
141
141
141
40
40
89
142
89
225
225
18
18
23
133
135
325
69
69
245
11
11
11
147
76
76
111
43
214
214
214
214
214
85
326
326
326
45
214
24
24
24
24
24
45
45
45
45
45
45
45
45
24
221
171
171
171
171
171
216
216
216
308
200
200
200
120
298
277
321
215
299
16
96
191
193
173
173
86
173
173
173
173
313
313
100
183
100
300
107
112
112
107
112
215
112
196
196
196
196
196
196
215
215
215
145
145
145
145
145
145
145
145
145
55
145
145
33
33
33
33
33
107
155
155
155
241
241
107
309
107
107
107
309
158
96
96
96
305
154
154
154
152
152
152
95
95
95
95
201
201
235
235
61
152
61
153
61
61
251
251
251
84
127
127
70
183
120
120
120
120
142
142
142
142
142
142
254
142
206
206
189
189
323
323
192
101
101
101
347
258
186
220
258
51
51
51
51
258
258
330
360
160
117
199
199
199
186
152
166
166
166
166
194
82
88
58
194
39
89
40
89
38
141
72
0
4
46
242
58
58
9
323
19
141
45
166
315
199
199
40
85
84
84
84
84
84
84
84
195
176
176
176
176
176
176
50
0
17
237
174
46
2
28
77
4
11
316
179
67
168
8
31
32
106
4
13
196
196
107
39
173
112
145
100
256
196
107
107
145
145
196
173
107
200
216
308
308
262
200
112
191
262
175
175
173
195
107
14
14
14
14
197
39
39
39
39
39
39
39
39
39
39
39
39
39
39
157
295
295
295
295
295
295
34
34
34
34
9
34
34
34
34
34
34
34
34
34
34
34
34
34
34
34
34
34
34
34
34
34
34
34
34
34
34
34
34
34
34
34
34
34
34
34
34
34
34
34
34
34
34
34
34
34
34
34
34
34
34
34
34
34
34
14
197
34
34
34
34
34
34
34
34
34
34
34
34
34
34
4
4
4
4
4
4
4
4
4
4
4
4
9
9
9
9
35
108
35
35
125
9
9
35
46
223
223
4
108
108
108
108
169
115
115
115
177
177
177
177
141
141
141
40
40
357
11
23
111
111
175
216
216
112
200
112
112
200
271
271
271
271
277
247
247
94
246
246
246
246
39
58
34
156
34
34
34
164
9
72
115
115
72
141
192
175
277
215
261
247
79
79
34
191
191
234
195
264
40
96
299
107
221
35
64
107
33
33
241
176
25
174
33
33
191
183
107
183
4
175
35
299
4
188
196
19
19
72
19
191
96
262
94
107
107
107
107
107
158
195
107
107
107
305
72
229
229
140
112
84
39
263
39
58
34
228
34
112
41
211
195
19
191
94
290
25
299
195
150
211
151
72
82
14
14
120
120
300
72
72
72
72
72
72
72
72
72
17
171
76
37
49
113
153
314
88
34
197
60
25
25
25
36
9
58
62
39
39
95
45
54
142
29
282
151
85
51
183
284
220
93
117
279
109
100
98
95
100
150
149
72
61
128
72
72
254
183
193
61
95
170
1
1
1
1
214
202
35
107
191
183
40
183
242
159
241
116
58
34
34
34
34
25
9
34
9
200
295
176
72
72
72
176
176
72
271
200
200
100
262
171
200
200
299
351
200
175
216
200
298
33
149
149
200
140
200
200
107
305
215
215
201
38
165
29
153
152
194
105
61
100
51
171
196
71
61
190
151
163
303
112
4
5
5
171
171
171
58
90
232
300
100
265
171
195
8
120
101
56
256
72
72
174
166
39
182
107
196
39
116
266
157
183
96
247
220
305
107
246
271
310
168
193
76
16
56
106
111
191
43
279
270
318
60
20
39
175
149
163
46
167
52
72
215
183
229
229
229
229
200
200
175
95
300
36
39
72
9
169
157
22
161
34
23
35
95
40
141
141
221
176
34
34
33
125
26
107
26
115
157
276
241
241
247
157
157
183
246
246
72
200
157
96
300
57
179
169
120
219
8
48
60
234
194
4
356
245
140
159
234
157
96
193
227
72
286
18
39
61
141
141
46
244
170
102
165
273
43
107
245
60
205
4
34
22
182
142
234
55
234
169
234
145
46
180
245
247
56
115
346
262
39
192
185
94
94
94
127
98
171
171
242
152
84
344
314
314
166
219
60
214
46
227
147
17
34
34
114
45
34
191
129
107
163
91
183
206
60
129
183
19
10
10
10
10
10
10
197
150
110
5
24
103
265
61
25
183
183
192
157
196
57
72
196
183
24
158
158
158
158
158
158
158
158
158
158
174
174
174
174
158
158
158
174
174
41
66
112
112
25
103
52
84
215
29
175
52
268
34
34
283
62
154
0
85
201
11
175
118
169
95
268
158
158
158
158
158
158
158
158
158
158
158
158
158
158
158
158
102
34
132
43
107
175
43
0
197
61
67
39
10
303
123
62
220
99
174
174
20
257
257
22
61
11
120
120
168
10
39
230
175
263
349
41
249
116
88
32
166
166
166
211
266
248
10
346
225
215
143
107
332
200
98
39
149
149
217
61
337
63
25
104
219
39
34
107
34
100
205
346
138
8
297
62
168
34
171
171
151
312
46
288
14
191
34
207
34
33
9
170
34
243
82
14
150
129
46
5
103
14
284
190
107
58
317
68
203
335
239
107
34
34
34
116
334
167
99
95
154
60
284
86
328
0
154
17
150
131
34
34
4
143
138
143
224
8
69
5
240
162
45
166
152
114
308
10
10
85
107
244
46
34
106
4
252
311
160
326
200
24
43
200
34
34
34
34
310
255
34
34
61
174
169
39
34
34
213
149
150
244
257
4
179
247
45
127
11
34
127
175
175
249
195
149
85
34
22
197
196
158
223
24
166
34
192
226
69
70
169
232
300
152
39
255
34
34
263
34
267
19
211
85
183
284
227
100
55
30
215
10
171
9
61
11
34
158
34
24
166
45
45
24
24
220
68
141
141
9
219
219
31
98
34
34
34
34
141
72
34
255
192
85
4
177
183
322
191
0
192
152
9
271
34
153
220
24
242
34
10
175
183
55
25
242
34
297
324
32
308
150
98
262
221
327
197
25
34
342
149
34
39
100
34
0
34
169
345
98
141
308
143
359
264
9
166
264
188
170
107
34
206
34
143
319
359
129
61
174
174
214
319
74
332
333
196
34
10
34
62
84
195
72
72
34
166
166
45
45
152
25
65
45
34
277
45
125
149
220
288
322
219
169
58
86
310
143
188
141
188
34
191
255
348
34
41
107
338
100
234
188
158
100
188
215
351
34
9
183
51
14
8
158
141
158
31
34
174
39
5
339
91
85
143
112
9
182
34
345
284
5
174
200
350
79
260
260
84
107
34
241
107
39
34
341
190
153
34
288
112
72
34
215
335
123
215
163
39
68
31
154
46
355
157
114
354
346
192
143
262
34
34
191
174
36
174
358
264
198
34
167
317
358
180
107
100
88
145
62
344
328
34
102
95
276
114
39
8
353
4
118
25
45
327
338
4
8
183
175
124
45
39
191
152
344
39
267
276
244
215
189
34
343
24
176
22
203
106
361
336
85
45
16
16
41
153
35
116
39
175
362
328
141
85
14
8
363
143
238
153
6
6
6
34
104
60
85
120
267
61
338
149
149
219
319
44
44
44
44
44
44
44
44
44
44
44
44
126
44
44
287
44
44
44
44
44
287
44
44
44
44
44
44
44
287
44
44
44
44
44
44
44
44
44
44
44
287
44
287
44
1
5
3
183
104
58
3
9
9
84
174
0
23
183
3
165
4
11
96
269
3
183
295
26
4
165
74
9
4
269
58
0
3
0
5
5
5
0
75
75
75
75
1
158
158
5
75
158
161
38
165
92
11
11
0
183
72
215
158
183
58
38
38
5
139
87
139
139
139
139
139
139
139
139
5
38
5
108
4
34
139
0
156
4
89
4
105
294
134
252
253
302
11
6
43
23
18
111
204
285
292
326
24
239
214
243
47
45
265
29
167
74
278
122
36
80
296
207
97
39
60
9
4
22
35
198
320
38
3
0
5
117
81
188
188
188
89
115
177
40
242
77
63
141
53
269
281
21
110
213
142
206
189
120
347
83
101
25
72
26
176
229
58
156
236
136
92
67
275
295
34
94
96
107
33
191
305
199
106
209
185
4
129
46
64
98
174
158
180
56
301
104
165
194
213
127
276
282
62
15
1
158
183
4
75
15
61
201
95
164
160
84
159
261
125
103
17
78
210
223
50
183
47
87
24
84
38
38
220
45
26
75
75
139
185
87
127
87
4
75
75
252
154
88
139
75
61
61
61
22
134
83
247
107
139
87
61
166
103
184
11
139
330
139
139
247
61
72
41
174
196
34
183
87
128
1
139
57
183
139
158
141
165
100
22
82
45
45
158
19
107
5
174
61
158
107
127
106
158
5
5
3
75
1
255
139
267
61
5
61
26
61
77
61
61
139
174
1
22
5
348
264
313
11
5
139
84
185
182
65
5
149
5
183
107
5
5
5