246,118
152,67
161,135
176,87
159,182
196,248
199,165
74,98
320,130
85,231
183,89
34,213
230,71
258,193
125,142
2,37
272,142
316,27
126,94
91,301
260,259
24,225
199,156
298,112
169,155
280,301
41,192
281,25
9,20
66,80
47,74
251,217
38,253
274,60
188,166
12,85
60,180
101,33
305,292
236,298
60,55
136,223
297,129
93,315
118,189
318,209
319,310
249,33
230,25
148,73
76,149
14,316
87,193
50,16
61,257
49,143
91,36
69,206
195,99
250,140
65,53
166,213
245,78
167,34
35,117
102,152
173,104
278,180
47,208
222,84
306,291
187,320
203,209
7,94
244,278
202,276
23,77
93,267
251,170
186,21
144,164
165,231
32,313
227,273
261,130
284,176
34,125
252,158
170,291
105,122
4,205
139,253
301,198
135,191
317,257
265,30
217,194
52,147
108,175
320,49
137,126
319,96
231,295
34,124
110,104
217,65
95,306
319,176
251,193
207,251
196,73
174,1
34,83
188,307
111,112
253,140
189,44
42,158
102,88
104,203
311,235
88,207
196,10
212,255
31,8
294,218
217,223
309,115
112,189
6,115
162,132
293,290
130,300
251,301
266,173
19,26
206,299
114,99
96,9
217,17
157,199
236,297
110,84
216,127
131,127
182,174
269,226
73,237
288,156
319,70
8,227
197,91
115,48
70,89
30,297
191,252
295,274
74,181
147,108
215,286
204,295
310,236
215,252
80,153
265,302
251,177
276,131
178,148
34,77
65,261
99,311
117,115
2,293
9,74
205,276
106,132
124,15
287,158
68,100
75,316
134,79
260,55
277,223
36,94
304,77
90,138
153,317
130,154
320,247
100,13
252,30
158,88
98,304
261,140
292,269
217,83
32,199
284,218
140,285
180,140
176,132
186,20
36,134
230,200
185,171
119,167
313,206
24,130
94,131
216,16
102,20
235,85
107,88
47,187
82,53
252,173
256,137
58,167
159,275
146,225
212,113
11,275
214,130
44,39
258,11
199,181
123,248
294,107
50,134
27,72
168,215
9,301
189,212
28,55
249,311
253,132
149,266
245,317
21,24
287,224
168,301
238,85
101,109
176,205
271,267
312,243
17,316
204,64
10,310
152,107
151,34
159,82
78,77
101,201
242,20
190,148
233,94
43,87
138,128
241,311
223,218
313,64
280,294
305,290
51,289
50,264
284,148
192,182
277,273
233,230
227,217
299,17
65,132
278,99
23,287
258,19
285,102
277,13
282,239
48,261
47,207
267,89
56,110
292,89
35,258
28,186
89,52
22,293
284,194
46,248
85,208
41,165
126,291
114,208
217,245
106,34
259,320
219,188
213,16
19,170
217,4
230,91
219,197
5,92
284,293
190,177
40,98
105,208
217,194
207,201
24,312
44,187
12,135
4,122
132,62
296,4
263,89
243,176
87,53
194,273
134,236
42,58
188,110
182,300
176,114
48,210
81,16
118,161
75,151
243,247
271,133
237,118
42,109
307,250
202,258
307,77
47,158
276,113
10,306
219,308
73,92
307,194
27,43
106,251
130,274
221,89
255,121
31,115
184,148
155,135
236,246
111,38
78,166
255,54
173,302
103,289
227,97
61,93
167,306
221,274
104,197
114,241
19,195
198,302
107,222
86,55
167,304
176,159
75,227
222,8
281,126
240,105
221,177
245,51
202,180
17,122
286,145
62,126
75,23
85,319
13,264
240,46
131,232
30,191
221,47
164,242
183,286
293,170
193,311
159,212
277,204
41,291
61,74
149,317
242,143
104,141
242,127
250,108
131,75
127,280
127,62
18,140
208,167
273,221
194,262
269,155
174,76
251,100
106,316
18,89
281,311
265,304
23,141
23,126
309,110
22,63
80,189
223,63
312,306
249,124
313,59
129,34
124,298
167,53
121,150
286,106
75,119
93,265
122,228
68,198
106,233
15,143
247,63
63,142
239,210
173,142
47,202
174,130
44,5
200,203
7,156
217,71
196,133
223,244
296,176
170,226
153,278
112,136
178,203
143,48
278,54
52,141
266,210
83,64
316,132
138,320
29,35
131,95
252,141
204,295
23,220
283,225
26,305
35,36
191,305
179,230
52,224
163,19
107,57
244,315
59,282
320,300
29,117
120,318
66,68
68,231
118,150
71,271
259,224
141,214
57,84
40,301
23,246
294,262
52,194
84,26
88,146
175,307
176,263
4,247
118,223
66,164
296,292
205,10
300,117
287,231
275,30
257,148
160,311
274,231
184,8
186,30
207,248
115,145
241,280
173,196
80,108
11,62
23,202
50,84
76,299
37,288
95,227
150,257
108,312
5,229
304,132
110,276
77,129
102,207
292,166
178,23
176,315
193,179
33,147
149,60
30,90
253,224
153,16
312,199
189,195
229,287
32,107
56,101
278,118
92,187
106,175
119,98
179,26
294,40
93,295
66,45
206,311
93,173
109,22
100,191
35,8
233,162
139,119
11,182
197,319
245,197
297,159
86,277
207,22
213,151
139,30
278,264
178,281
266,23
284,298
281,314
133,249
155,8
168,244
9,285
198,243
110,131
34,215
189,185
309,108
129,186
106,236
91,188
320,206
280,276
306,200
46,79
108,211
289,111
307,3
204,106
5,194
137,45
133,254
174,126
115,206
157,156
287,91
266,296
194,114
153,215
14,3
14,179
169,294
275,59
109,258
132,189
107,86
211,161
309,236
95,261
241,249
305,224
16,32
5,170
266,236
122,175
200,47
11,81
140,118
273,186
23,262
46,269
232,195
63,95
269,96
253,86
155,231
177,95
304,73
118,280
2,210
68,224
124,200
318,271
198,170
47,43
287,155
174,70
187,228
145,264
69,139
104,294
255,115
35,148
291,307
28,308
58,100
12,228
164,148
257,41
160,108
222,103
169,198
161,164
319,53
129,170
36,148
140,96
222,254
87,222
27,281
138,40
255,57
10,8
174,259
306,76
306,109
178,228
41,82
231,320
210,192
51,168
213,123
194,67
76,176
37,146
145,220
265,293
212,179
181,235
39,304
100,66
14,42
224,56
26,279
217,300
49,11
278,214
268,198
250,227
33,139
240,271
262,277
85,80
220,101
206,247
80,287
113,221
141,95
2,104
151,15
299,312
302,51
75,216
199,75
69,52
104,30
182,239
218,188
168,303
214,162
254,120
214,276
82,294
195,183
253,81
305,125
17,94
128,48
183,198
89,5
141,205
100,182
66,156
124,241
126,279
12,178
39,239
178,221
216,295
107,264
82,28
70,274
318,137
5,283
129,96
282,266
95,42
124,300
7,222
198,5
263,268
179,28
92,5
27,202
97,226
137,71
136,289
64,83
141,231
171,73
9,67
73,137
88,250
72,45
89,112
3,132
132,30
23,30
216,300
103,138
274,240
236,157
42,239
123,38
51,269
129,92
15,41
213,283
272,281
107,102
38,232
244,311
252,270
3,66
303,102
98,41
108,50
123,119
286,190
81,49
276,78
40,253
178,79
16,223
16,286
122,281
297,5
220,54
152,98
204,310
240,137
193,103
255,145
137,171
267,294
60,299
153,302
309,54
91,5
80,244
175,109
215,318
109,102
127,192
19,246
9,5
117,294
14,145
114,157
301,14
78,173
221,171
33,211
224,11
245,94
295,71
132,96
23,211
177,149
294,318
32,64
152,231
221,137
176,163
274,308
245,73
79,206
176,57
319,50
211,105
169,155
294,62
258,105
52,82
157,15
145,142
248,308
37,209
1,260
180,198
214,39
38,266
241,126
239,42
25,72
159,223
292,108
253,203
57,63
192,121
60,221
87,30
259,60
25,254
230,125
83,312
40,319
225,281
267,79
189,10
11,238
188,130
67,233
68,45
31,237
165,306
103,1
235,65
147,288
238,206
245,63
277,93
229,167
101,222
87,82
226,107
231,7
72,139
126,317
269,303
257,263
131,226
309,110
26,216
222,16
160,104
125,170
115,238
303,146
104,237
153,313
61,270
123,176
64,236
237,298
41,45
77,282
34,10
59,85
239,296
195,312
253,153
12,284
68,113
33,163
53,213
214,97
296,178
272,125
55,296
114,79
106,72
138,167
104,130
58,36
103,218
61,158
162,100
252,82
228,205
135,106
303,298
142,148
239,176
306,283
202,287
317,44
125,254
43,266
197,20
160,199
276,16
143,162
79,82
261,30
115,244
89,203
160,157
265,254
166,143
10,249
139,160
38,50
96,91
79,82
262,236
126,110
209,28
144,3
295,282
43,133
170,178
281,25
142,163
237,244
49,93
58,226
156,124
285,286
201,235
301,229
17,81
190,196
167,268
314,228
20,62
291,83
49,196
98,320
238,168
247,105
70,191
85,89
188,155
76,251
18,158
31,272
50,230
104,86
108,119
76,239
221,159
229,250
276,25
46,6
243,242
24,304
261,86
148,135
295,41
41,271
130,281
117,269
46,241
263,272
111,75
34,315
117,279
236,45
269,106
309,235
294,111
109,170
11,218
228,100
176,157
182,83
93,149
112,129
140,243
12,154
113,163
60,148
320,23
96,242
298,110
100,124
268,47
291,104
175,188
248,217
148,247
147,299
7,66
263,126
107,39
288,204
129,304
194,31
303,313
55,299
66,80
15,68
50,32
293,190
128,287
264,41
71,29
317,285
153,229
202,175
236,36
263,223
111,131
293,175
11,292
33,175
149,285
130,12
146,68
227,229
302,290
291,11
44,280
316,75
172,51
178,152
134,258
59,156
117,22
216,281
29,201
268,273
144,278
177,30
67,265
3,234
163,296
273,249
263,14
264,205
269,102
232,137
11,63
225,306
110,271
206,204
142,266
42,106
34,38
250,187
20,255
316,284
155,71
243,275
43,72
96,89
243,169
30,222
117,131
203,85
73,3
215,130
101,262
115,169
140,103
15,77
280,83
292,306
299,64
133,186
74,40
301,279
203,46
125,13
52,310
298,150
18,44
199,184
238,91
315,45
313,115
152,186
142,140
112,40
285,149
279,293
95,101
217,315
211,187
254,54
285,31
23,151
17,289
275,170
255,110
139,292
89,34
173,43
162,309
281,210
138,212
71,237
15,293
21,75
106,72
120,228
302,11
6,106
304,24
203,136
292,246
257,308
43,19
194,23
245,265
77,42
225,145
293,83
271,42
261,260
62,266
140,148
127,37
127,255
315,235
144,137
286,136
220,282
179,238
238,33
83,24
161,238
44,198
305,236
262,71
267,316
184,115
25,227
138,180
201,65
179,236
225,70
271,171
282,112
18,5
305,26
131,196
275,102
140,18
166,108
30,318
196,251
11,234
168,156
270,169
241,247
204,271
311,115
233,143
204,4
152,300
300,118
76,243
102,2
170,255
74,139
86,101
242,90
216,234
66,217
172,193
51,315
302,38
197,48
158,127
18,271
182,51
161,244
69,70
164,289
209,205
33,259
151,148
264,285
166,100
237,159
93,176
124,186
154,246
114,107
167,89
38,202
241,45
114,134
282,251
46,143
310,127
288,234
28,318
189,268
201,316
72,281
121,156
248,122
138,85
175,178
288,11
71,69
14,93
188,314
274,209
199,250
51,264
103,68
156,176
122,296
50,302
52,151
124,6
7,313
217,265
172,261
91,134
177,292
18,176
51,167
116,164
296,320
73,204
4,274
163,249
132,221
123,51
266,151
268,104
90,10
24,12
248,241
319,272
255,12
128,21
307,29
63,218
3,78
263,264
133,48
296,122
285,193
144,265
281,110
36,230
112,98
56,306
288,159
25,70
128,165
23,135
75,85
200,25
277,45
91,1
44,264
2,136
247,95
319,272
222,156
250,230
172,82
137,64
254,154
287,22
297,207
284,18
110,270
281,145
254,110
68,158
62,15
185,35
251,208
138,309
190,64
16,77
242,122
125,281
162,89
319,245
6,310
278,242
147,114
44,56
318,263
198,223
220,202
241,290
204,66
234,169
211,233
214,287
139,314
164,87
79,306
275,228
224,252
230,35
225,222
271,85
219,120
150,28
133,287
284,245
43,264
166,227
254,118
15,170
182,16
205,242
275,198
167,296
268,78
183,73
147,266
63,79
146,15
151,75
216,222
289,127
212,142
150,236
280,204
237,66
171,188
90,130
281,223
233,211
76,192
293,303
229,141
185,95
294,163
127,50
3,183
104,133
165,158
266,210
65,26
282,75
14,122
213,226
260,231
171,179
206,313
161,248
42,201
169,110
96,129
261,199
41,218
187,79
170,243
9,211
126,261
157,174
316,193
61,253
169,232
121,10
155,123
300,27
277,223
86,259
197,303
261,40
270,312
299,137
47,76
36,192
6,242
88,116
216,254
188,225
172,147
8,131
101,60
196,104
154,279
319,291
171,12
286,36
310,169
235,63
215,171
308,157
17,110
138,31
243,9
251,224
180,75
311,146
54,298
86,207
233,243
284,69
65,301
54,144
234,98
14,166
95,281
213,196
2,257
156,25
240,306
252,290
208,195
104,279
181,17
8,242
304,241
54,212
114,154
197,284
258,141
146,162
312,290
136,47
208,156
52,12
100,27
256,149
149,221
299,116
256,159
109,201
51,93
212,238
164,49
92,281
67,3
109,156
308,168
121,42
99,91
212,221
257,118
185,177
294,229
282,305
91,232
123,242
191,230
151,34
113,228
71,244
18,103
155,307
178,213
38,173
72,127
1,25
242,64
164,50
179,136
214,30
31,228
57,221
314,267
282,5
87,177
306,218
111,126
95,164
282,174
25,18
145,307
108,41
180,230
7,98
177,21
261,32
114,100
33,1
122,19
6,309
25,144
6,306
257,282
298,2
94,6
78,264
65,16
169,311
47,290
260,304
79,37
313,53
42,296
193,236
140,197
104,181
240,22
168,44
90,255
8,104
223,161
89,59
187,51
224,56
92,43
54,210
256,221
117,279
105,259
222,232
111,175
167,219
241,129
186,228
185,3
42,291
287,163
197,235
225,129
187,76
58,188
51,65
52,109
68,213
159,70
269,79
104,274
260,160
44,232
78,253
168,203
203,181
290,295
233,121
23,280
295,181
236,133
93,86
279,217
95,74
166,280
98,46
143,92
80,269
170,274
213,2
226,313
279,82
150,27
159,218
120,242
290,258
240,302
124,13
206,100
286,248
317,95
301,5
91,216
139,240
124,7
315,243
106,127
227,209
194,274
237,193
266,156
22,39
49,124
10,138
311,250
294,111
251,116
85,25
63,304
7,171
43,243
5,253
254,248
311,98
64,114
191,185
295,231
143,145
129,159
213,110
3,133
163,156
163,243
270,34
277,243
21,175
192,308
36,205
228,305
38,180
27,106
217,185
160,290
38,307
130,225
240,73
180,65
115,142
47,273
53,48
301,70
316,297
210,53
208,267
180,85
24,261
154,167
175,146
189,55
19,170
223,245
14,25
57,94
223,260
312,188
158,153
70,232
169,173
165,5
217,264
13,310
111,116
116,263
164,116
91,46
187,19
4,38
281,78
24,304
73,145
162,203
218,5
299,82
286,65
120,46
159,179
135,179
305,320
264,63
256,89
288,208
263,32
109,225
227,195
295,3
260,95
204,184
164,243
271,305
317,319
296,20
68,284
100,302
33,271
190,50
289,138
133,65
231,285
97,275
248,293
171,228
223,103
260,15
65,87
259,53
141,298
272,252
153,10
228,64
206,121
144,226
91,140
6,295
8,285
77,5
239,96
134,64
213,175
57,39
212,30
42,178
225,108
168,159
28,267
185,110
305,19
291,55
291,15
111,1
163,54
127,301
36,292
86,162
59,120
221,113
274,145
7,288
13,127
241,234
98,142
125,220
25,154
269,238
217,124
41,1
209,225
254,155
182,172
59,227
85,138
303,51
113,72
151,289
81,105
159,165
269,46
26,289
17,38
221,60
291,272
116,152
1,204
57,16
231,254
128,7
209,296
159,299
32,70
227,314
218,171
286,314
87,270
226,57
159,58
6,216
313,222
292,171
46,16
70,263
27,120
180,224
257,301
265,19
135,220
192,221
19,124
75,206
194,177
310,205
209,219
189,253
293,28
243,36
304,109
262,77
217,272
94,169
272,303
210,38
9,18
289,164
280,142
317,211
264,164
294,107
30,143
91,129
91,125
270,280
262,58
24,264
119,122
215,257
133,297
39,206
241,70
61,83
191,156
161,197
265,258
257,253
69,297
86,257
298,47
274,254
294,224
20,64
177,87
250,280
284,224
85,18
100,156
20,174
153,236
249,285
73,50
193,314
313,187
174,236
257,146
67,141
272,88
314,235
6,290
29,196
107,211
301,118
119,307
80,109
45,180
300,42
314,193
207,225
72,13
200,52
18,186
60,36
102,266
184,246
294,104
252,105
136,199
292,56
90,79
142,262
18,33
122,260
7,239
314,189
70,254
129,305
85,211
92,169
222,142
161,78
120,278
161,289
49,82
253,255
205,159
76,43
116,305
280,152
300,288
55,170
11,211
148,6
20,265
30,232
198,175
141,165
210,245
140,119
244,62
114,227
278,124
206,217
106,316
99,96
110,187
295,248
101,249
288,173
182,61
271,249
306,231
148,47
62,93
218,231
261,151
196,285
211,300
112,96
237,83
144,130
104,47
114,79
162,188
100,2
108,296
70,8
124,235
127,121
145,168
172,264
118,8
129,161
207,65
165,69
11,302
73,305
172,75
63,124
177,273
292,168
126,12
282,11
222,16
109,80
178,320
303,243
20,2
137,311
209,143
126,218
108,112
178,133
78,193
274,271
135,218
76,215
72,294
210,197
62,288
178,121
88,317
292,43
169,196
218,179
107,49
104,239
101,154
167,76
94,1
70,61
225,226
35,74
276,275
21,236
91,162
70,283
154,107
164,263
168,7
118,152
234,238
252,213
308,130
237,37
145,17
29,174
174,57
41,248
86,81
141,295
10,69
6,139
289,4
83,164
195,108
140,111
226,16
251,61
255,144
268,88
214,123
145,63
224,308
103,78
175,57
40,273
170,121
216,277
288,147
54,170
41,141
41,176
255,63
102,174
166,73
13,274
223,75
31,93
138,225
256,244
35,105
152,222
293,133
56,145
181,83
152,243
199,94
139,129
154,24
189,125
309,244
151,111
28,12
160,127
58,289
83,4
81,223
232,180
199,264
96,114
165,299
112,317
204,206
2,198
67,16
252,228
198,172
58,229
277,9
139,113
227,318
191,254
166,223
180,209
232,176
250,210
7,229
12,87
44,19
57,242
101,11
21,246
160,182
260,207
290,52
43,244
250,220
176,239
13,87
123,298
254,18
162,195
41,70
142,42
268,46
152,182
71,157
166,89
245,123
17,141
305,252
114,186
315,73
307,177
33,53
307,201
123,296
237,215
169,75
267,207
225,320
138,228
294,169
80,79
249,210
87,142
220,253
260,293
209,81
30,235
121,170
259,21
158,2
309,6
132,53
156,210
244,165
14,64
180,207
197,118
151,177
87,138
171,264
8,255
138,55
33,199
282,74
54,215
266,315
45,312
175,137
8,75
250,34
96,281
274,189
59,179
66,146
274,91
38,257
32,244
316,298
307,185
110,82
252,217
235,251
136,264
170,80
61,309
142,275
77,269
55,235
112,76
251,143
253,139
181,260
4,18
262,271
85,193
93,15
317,76
22,150
80,130
172,214
227,220
108,22
214,284
66,250
117,181
110,104
120,267
195,305
285,71
276,124
282,174
157,313
129,238
76,281
215,103
179,281
187,2
108,252
15,274
314,44
169,104
17,222
121,259
191,93
187,274
230,248
246,189
124,179
310,222
50,310
130,17
75,277
284,55
171,223
150,248
6,272
297,32
7,97
299,20
80,20
47,188
243,41
277,216
215,143
20,118
291,262
179,101
198,290
147,194
273,285
103,45
153,252
95,240
296,269
173,239
142,124
241,57
29,38
82,287
92,105
80,134
119,58
81,275
199,84
86,79
143,56
278,85
159,28
67,82
109,290
6,132
277,250
165,202
160,48
171,74
205,141
132,258
209,114
286,13
103,75
104,253
317,67
114,260
75,52
166,19
256,124
236,180
132,13
89,110
76,225
295,154
141,116
272,85
274,153
173,289
49,275
212,234
236,260
118,86
307,206
258,195
162,31
228,135
132,90
280,27
48,303
59,9
161,215
259,109
230,130
36,109
255,239
193,210
294,149
146,198
269,226
102,292
146,317
76,186
139,93
143,288
263,60
26,166
180,10
14,55
9,172
263,188
287,93
105,123
39,80
33,313
56,100
195,246
143,109
254,68
201,165
197,176
299,207
268,297
16,310
224,116
308,309
47,8
305,174
138,240
26,236
105,178
307,233
283,95
88,309
229,313
52,282
57,251
174,52
264,289
117,210
35,316
231,12
300,77
171,16
153,241
183,49
176,309
202,118
281,51
40,256
108,22
215,112
152,79
11,309
228,175
45,7
249,103
196,186
218,186
131,3
257,251
23,72
230,250
138,199
288,202
198,85
96,312
217,117
215,306
41,114
13,293
176,312
188,172
156,137
311,65
90,255
130,92
250,86
245,111
51,158
203,190
278,279
53,177
315,109
206,172
224,51
52,84
220,78
290,273
66,30
65,249
6,144
301,107
238,122
38,109
255,171
251,116
48,300
131,179
276,18
36,44
269,152
275,260
136,311
202,247
228,250
288,227
197,259
68,150
155,61
257,303
29,165
314,12
98,259
22,185
224,247
64,123
286,265
90,227
72,312
229,95
28,124
133,4
101,109
252,318
186,62
314,12
177,223
243,230
134,89
35,65
50,77
96,91
23,291
306,54
319,61
223,256
84,320
202,174
28,273
109,175
118,270
6,227
112,111
181,311
97,293
183,160
308,302
114,153
180,229
223,273
18,225
126,21
155,174
319,67
183,214
159,109
271,290
6,147
312,243
197,294
105,222
266,297
200,26
24,316
85,138
61,102
176,175
169,198
54,1
280,82
211,40
228,151
89,158
105,14
62,261
17,151
69,171
209,226
150,26
181,27
144,217
120,299
128,45
67,74
100,180
92,320
189,198
312,156
9,148
171,176
71,123
14,295
287,7
233,186
193,288
313,218
206,4
66,191
86,29
131,94
16,212
47,128
7,295
63,278
116,249
64,111
312,204
68,300
106,18
70,98
222,66
5,284
175,230
264,88
187,68
180,176
172,73
158,83
259,62
288,123
59,238
318,138
173,54
315,162
309,260
85,88
106,174
191,19
205,9
1,43
305,279
199,255
162,271
133,217
232,2
119,157
5,158
160,231
223,242
158,228
55,69
32,129
292,173
65,154
8,301
79,205
231,16
88,177
71,228
133,260
305,198
152,266
163,287
288,176
297,116
270,195
127,8
180,268
138,128
297,25
244,82
225,28
320,164
244,12
56,90
285,41
258,196
82,161
96,138
296,9
273,15
47,34
222,58
199,152
134,296
261,315
156,230
11,128
224,280
67,299
292,23
160,143
200,175
2,150
21,25
86,190
66,257
255,300
171,280
52,35
182,301
113,281
188,100
169,127
298,251
150,86
272,297
293,198
242,270
286,132
9,135
21,228
292,96
315,221
85,63
128,35
108,46
198,56
96,90
268,63
314,15
178,126
135,26
304,225
84,48
200,46
216,232
3,61
29,227
312,171
99,245
229,42
93,234
23,214
287,80
162,114
256,307
59,81
147,120
212,222
219,259
105,98
237,140
246,76
51,191
38,216
91,298
315,47
158,50
166,119
317,202
170,301
288,207
305,29
181,233
250,192
185,85
68,178
215,115
100,115
189,180
188,39
216,240
134,223
65,284
88,4
236,281
209,13
204,218
144,116
288,302
210,14
37,92
133,229
18,320
85,165
257,54
19,192
273,71
144,105
168,52
303,7
8,252
40,231
84,112
118,208
297,262
143,128
168,294
269,3
263,136
38,169
215,123
212,230
42,310
26,185
68,177
140,90
181,230
274,189
90,144
259,280
64,290
42,66
145,33
139,113
272,132
292,254
106,128
41,284
131,90
211,50
95,107
181,177
306,108
7,281
242,167
141,96
201,290
307,266
19,257
17,246
241,160
51,180
177,63
174,145
57,208
168,9
93,230
164,255
129,263
316,86
209,108
97,171
107,81
85,148
48,61
90,213
207,275
251,271
36,147
85,224
69,60
72,92
87,183
99,85
144,141
281,238
265,53
80,114
27,291
32,158
123,239
307,38
230,57
264,5
110,54
201,296
242,108
47,38
112,52
292,151
301,80
242,218
77,175
259,35
198,115
97,231
22,155
252,313
95,158
159,296
45,235
91,175
41,177
279,269
193,5
186,119
84,196
153,51
20,277
169,313
216,235
175,108
239,90
49,176
121,84
266,219
74,209
84,251
13,290
297,194
26,260
226,20
31,125
12,77
230,81
151,154
127,263
244,231
116,259
132,253
199,260
243,311
250,84
209,282
226,51
122,232
229,61
166,146
257,50
83,135
49,242
8,164
246,223
202,97
99,13
291,171
271,221
103,132
203,95
210,320
302,190
113,305
144,66
96,277
315,161
178,139
188,17
142,52
20,306
216,25
47,34
135,53
246,100
74,92
111,47
224,93
143,96
318,301
109,23
3,190
36,42
255,77
132,84
157,123
272,22
36,128
235,204
289,3
21,166
265,108
104,175
186,268
129,69
58,75
274,309
256,125
149,302
239,319
233,128
205,147
233,262
281,206
66,19
181,207
172,230
63,212
95,102
170,195
106,22
158,24
113,178
153,147
111,259
267,127
255,268
298,33
226,160
32,284
241,283
153,2
142,1
25,202
86,215
106,89
139,226
279,261
88,86
104,247
42,197
47,250
282,46
233,85
21,94
115,71
218,174
89,13
266,307
132,221
132,218
249,248
146,267
64,128
285,295
7,91
183,283
289,56
88,96
229,260
90,31
258,119
151,297
37,50
258,259
289,55
266,140
124,292
107,277
266,218
145,124
103,136
74,176
60,151
178,11
183,54
37,80
63,100
297,29
124,180
49,119
157,200
162,185
307,47
255,95
140,255
136,85
166,271
161,162
155,256
164,110
66,4
248,275
295,194
30,80
125,316
221,126
86,189
64,85
297,144
5,29
38,212
138,71
183,186
59,10
306,46
289,234
67,53
69,86
173,19
208,213
91,148
261,294
311,147
89,187
273,11
155,28
299,62
90,51
166,310
167,300
4,46
33,22
232,123
54,205
251,266
213,58
38,207
306,203
163,281
220,161
67,155
9,74
46,162
190,158
137,142
68,48
229,169
208,253
116,119
133,165
161,74
100,90
238,13
69,236
262,210
36,81
12,274
96,233
106,117
172,320
244,71
122,264
280,46
48,285
263,223
296,74
11,273
45,126
199,308
191,164
90,47
264,281
59,200
126,301
149,174
44,211
104,179
201,14
105,225
172,264
98,289
259,177
3,84
91,73
242,100
18,108
42,95
210,231
133,216
164,174
55,290
73,246
53,295
107,35
303,28
183,49
112,265
206,267
11,180
67,211
74,31
146,27
214,309
76,284
40,104
179,36
23,265
197,32
60,99
79,29
317,42
162,34
206,159
57,14
204,31
67,121
260,23
116,8
240,292
109,185
198,89
276,68
34,2
241,302
91,310
191,234
202,246
142,134
314,48
19,183
42,75
48,229
184,21
133,307
294,258
312,221
258,108
151,69
156,268
224,274
215,24
168,155
188,114
100,285
187,265
219,197
195,318
53,23
227,138
180,13
40,167
237,198
194,15
63,294
33,139
95,154
273,207
63,74
252,59
181,139
39,275
94,223
287,271
96,29
119,88
28,4
187,108
141,175
238,182
132,63
99,223
143,85
268,217
167,320
290,210
270,190
173,79
233,203
30,218
155,6
320,49
49,180
214,71
63,106
67,278
278,139
63,96
167,81
34,39
298,64
236,251
191,169
21,198
254,131
35,65
279,256
167,194
101,313
36,108
241,308
259,257
242,143
309,1
28,215
187,97
264,159
125,191
217,116
105,59
202,26
103,319
169,226
313,107
81,44
37,126
26,128
54,297
16,257
297,53
315,97
109,274
105,85
3,29
271,17
27,317
9,215
264,130
74,133
189,50
169,301
50,226
252,233
42,132
63,196
304,320
161,275
24,40
125,101
242,144
303,52
189,255
302,59
224,137
219,203
272,57
217,182
3,187
305,193
146,142
50,116
311,250
159,269
222,245
282,271
153,103
79,52
116,149
264,30
220,128
43,159
48,35
99,316
283,14
265,302
149,156
56,61
291,13
106,290
180,293
115,38
165,152
171,102
9,181
99,105
92,243
291,163
163,267
234,90
83,310
48,247
67,36
206,232
31,222
33,97
273,66
310,120
189,21
168,8
252,65
225,8
111,61
201,73
244,277
76,194
120,21
193,129
74,114
139,151
10,94
307,243
253,263
184,97
30,239
156,160
236,62
311,163
309,72
125,95
67,60
185,56
60,157
308,58
201,212
154,252
84,166
114,223
173,162
122,18
126,140
246,20
262,317
103,47
26,60
111,259
145,19
233,150
111,163
162,283
154,240
38,11
298,254
177,18
291,240
210,57
108,301
8,100
54,30
22,54
241,7
74,26
313,240
296,126
289,10
35,319
242,138
306,139
247,116
262,52
300,122
266,42
136,196
47,183
95,106
146,115
295,189
25,107
285,148
320,232
227,225
260,276
1,28
212,161
254,72
318,175
9,11
16,294
160,258
14,40
297,200
279,51
183,73
86,245
140,299
75,310
307,318
195,191
133,194
195,199
252,24
240,284
204,184
74,67
102,135
62,257
260,200
168,207
265,237
271,62
127,241
2,56
218,64
13,228
287,304
235,102
115,102
250,194
320,44
293,141
257,226
82,116
87,303
141,120
124,208
245,99
309,6
259,266
73,159
76,175
291,55
206,79
28,150
258,58
83,122
190,245
25,260
26,283
15,82
148,252
87,120
99,223
255,265
53,86
39,307
7,245
165,315
72,221
248,75
308,41
36,276
199,10
236,162
280,187
179,79
247,44
106,88
320,98
189,10
315,53
317,278
134,307
57,127
259,189
39,84
124,259
242,142
25,237
205,275
185,76
4,237
168,46
101,251
109,256
211,24
116,33
42,200
84,233
118,1
169,237
250,293
42,6
46,61
5,190
175,45
7,190
260,138
309,169
159,153
21,214
179,104
166,62
254,302
101,158
210,265
171,165
113,183
7,260
236,220
216,49
216,225
8,173
61,224
216,162
291,309
312,176
262,312
33,90
194,181
174,224
83,258
261,3
23,204
105,32
192,7
50,36
99,44
146,131
28,195
125,92
181,81
93,94
28,72
214,82
58,319
231,267
317,163
177,138
41,13
162,40
76,179
278,114
16,207
35,258
148,276
234,306
169,220
8,49
192,24
18,56
194,219
16,19
65,163
319,192
235,72
28,10
159,42
98,60
212,55
219,301
67,268
92,293
177,112
129,8
53,257
256,40
193,121
101,319
234,98
268,123
127,230
193,312
247,181
89,151
232,294
64,188
226,155
28,276
64,54
36,294
239,256
40,112
125,180
144,105
128,149
272,112
310,70
214,158
280,210
256,279
33,273
195,223
295,145
240,90
188,302
68,309
106,269
150,313
299,52
286,180
142,246
139,146
45,243
183,207
318,47
220,97
297,28
77,107
159,253
209,170
309,234
87,270
28,279
15,277
303,149
185,169
188,262
43,125
35,61
93,44
283,150
115,246
105,80
3,224
283,10
76,133
17,315
115,216
80,45
188,86
162,97
46,297
300,130
158,43
308,111
253,132
155,83
310,32
199,38
216,88
117,271
240,212
209,59
222,178
175,44
85,57
311,219
283,45
81,269
185,103
31,281
216,146
13,196
130,106
130,275
42,214
259,285
29,78
156,271
98,244
216,285
178,224
283,137
37,305
183,149
65,154
197,257
113,1
12,296
305,101
95,225
234,190
136,231
200,64
269,204
7,107
4,165
137,258
305,223
74,135
38,20
258,170
138,157
238,156
145,106
9,202
134,88
2,279
108,103
151,313
50,309
298,311
74,259
124,191
172,188
60,293
168,270
169,75
156,305
303,118
21,261
272,182
50,286
46,12
119,266
132,268
153,225
205,121
182,86
127,247
97,227
90,98
166,201
155,182
246,49
124,57
235,221
282,253
126,265
250,63
57,212
30,98
61,35
43,271
258,31
187,139
71,250
157,170
22,30
273,65
71,80
152,174
216,281
294,218
27,295
227,176
144,97
254,247
153,66
155,226
51,143
13,200
239,281
135,310
291,256
120,225
225,133
89,219
291,44
304,234
273,158
218,79
229,196
278,213
87,222
65,222
130,289
204,165
56,38
57,7
48,209
265,314
77,307
25,102
226,32
203,291
12,36
291,303
78,118
38,276
33,159
115,291
41,154
211,188
190,260
6,180
315,88
7,245
75,172
282,120
252,151
73,91
85,172
307,249
76,7
63,2
122,129
212,285
223,7
87,200
86,271
179,158
294,216
87,243
120,254
248,241
300,87
225,92
222,155
11,56
52,156
83,81
164,25
60,28
83,17
147,45
238,60
96,295
32,86
143,153
14,81
170,113
41,217
192,169
158,90
38,139
201,39
26,228
175,119
51,65
251,44
112,253
8,250
218,198
178,152
207,10
74,56
288,309
211,195
221,155
10,56
91,29
139,189
176,57
215,163
261,293
220,97
224,298
189,55
290,110
257,266
180,294
304,213
134,23
237,255
95,21
303,187
279,201
232,181
49,159
212,56
16,107
206,134
71,168
30,78
7,211
89,219
247,300
298,214
218,57
206,142
172,287
189,140
293,71
315,238
250,52
54,320
195,233
22,129
159,296
43,73
291,276
2,317
58,241
319,285
50,108
143,286
172,239
51,304
155,208
70,24
206,19
316,310
3,19
170,237
256,102
105,167
175,44
61,58
62,187
37,110
294,191
159,248
33,97
91,49
181,55
197,152
70,13
210,295
106,29
98,254
122,85
266,191
234,25
312,161
89,62
235,253
180,114
34,301
68,31
216,31
281,125
76,13
248,15
311,146
56,230
265,310
251,113
165,135
32,162
5,20
71,200
13,100
272,298
290,1
4,92
225,260
3,199
153,298
96,95
150,249
80,301
164,102
237,104
243,222
117,304
316,242
58,145
227,110
72,300
136,4
133,166
163,24
172,84
17,140
316,115
103,290
63,240
193,116
159,87
255,218
117,185
279,228
109,214
118,247
139,287
88,200
306,213
103,85
196,153
56,110
123,271
15,283
22,166
200,63
153,117
75,191
145,179
101,182
170,275
145,139
251,253
17,89
236,151
233,217
174,106
54,295
208,157
194,24
33,20
213,72
38,187
51,183
170,14
163,135
284,148
65,141
81,80
133,29
57,5
128,183
150,169
233,241
183,46
310,159
265,35
46,281
93,308
125,112
246,112
308,242
182,30
6,185
216,160
235,145
204,58
187,88
283,288
173,3
139,184
212,43
242,231
40,95
70,31
7,120
25,87
85,14
105,200
310,173
49,162
297,45
88,37
12,43
278,315
274,34
96,228
186,309
192,85
231,37
31,196
136,47
138,157
231,84
107,92
96,135
6,91
154,206
266,157
292,30
289,232
263,169
223,245
299,129
220,207
214,94
134,21
89,180
103,60
293,236
249,42
193,238
6,290
198,111
30,275
187,272
21,135
177,36
258,126
249,145
316,67
298,242
296,141
96,254
197,280
219,197
23,173
308,94
187,73
154,301
2,302
121,152
238,23
244,68
72,205
289,26
285,23
225,69
81,27
268,300
42,141
112,91
258,312
4,2
15,172
263,24
123,213
29,206
252,263
307,180
178,259
289,196
71,213
122,168
295,77
146,319
159,277
128,248
110,272
214,63
93,85
293,262
23,235
248,173
41,175
59,73
293,103
103,48
94,219
205,114
154,120
284,312
278,212
44,222
76,259
209,276
88,277
42,8
268,173
96,134
15,272
15,155
50,118
30,16
240,60
132,188
147,81
150,75
9,298
56,173
314,228
4,285
64,229
201,126
294,309
190,102
155,86
309,113
269,33
48,102
95,27
65,227
297,246
170,116
203,88
301,84
26,53
146,39
164,63
63,220
239,224
257,66
313,120
272,38
126,95
182,241
104,138
291,312
259,29
8,127
5,245
67,23
57,124
20,157
234,79
91,56
243,252
94,108
295,305
243,146
2,16
253,8
185,267
179,258
3,113
47,160
140,242
184,137
319,110
80,278
150,129
282,247
292,9
194,179
133,210
214,113
171,223
285,70
172,153
23,119
160,101
19,227
191,84
132,98
137,250
268,176
55,245
154,162
249,138
97,52
92,75
151,58
95,205
37,305
137,280
274,237
289,163
279,18
177,168
140,141
212,78
39,181
27,194
24,149
318,220
213,59
271,82
19,16
60,31
155,45
167,83
288,181
222,64
140,171
106,297
279,217
143,110
111,245
290,184
177,89
275,168
36,271
232,152
282,297
65,295
67,204
304,187
21,226
128,145
94,101
3,164
208,250
169,26
299,232
208,62
89,102
158,296
146,275
37,168
320,248
158,77
283,265
295,212
251,236
257,118
220,191
177,137
79,23
152,177
269,228
141,74
27,88
83,173
20,257
53,138
153,276
12,183
73,35
4,5
251,160
282,3
319,80
308,120
4,35
94,202
221,56
281,31
41,45
66,26
287,46
265,285
297,187
188,303
106,277
261,98
131,128
235,246
218,81
75,83
187,277
221,135
262,90
149,214
104,306
270,57
116,131
167,15
288,69
222,201
259,182
18,151
166,173
90,282
12,225
284,9
19,263
213,22
307,81
290,234
129,4
211,113
148,99
132,134
214,304
313,172
166,55
134,112
123,4
217,47
197,193
20,172
281,171
210,22
231,130
255,291
169,266
194,85
25,163
44,289
71,306
242,3
224,219
267,32
290,282
89,100
68,31
167,280
87,128
248,91
136,286
140,277
291,294
72,89
109,313
196,132
154,129
6,109
241,181
26,114
26,126
310,309
310,241
199,214
311,259
106,117
73,196
184,168
268,159
165,244
134,118
218,235
57,292
295,108
153,269
182,258
1,149
253,193
269,259
157,90
180,301
185,206
227,314
305,37
255,236
50,20
242,182
37,218
102,274
252,319
44,48
294,179
42,241
27,59
151,258
272,76
316,305
249,173
50,238
36,207
187,134
124,194
209,152
136,296
255,290
133,4
110,43
35,181
190,277
283,84
290,292
307,202
117,286
47,221
264,114
197,175
206,262
25,275
234,85
223,126
37,176
36,41
249,146
153,276
253,83
67,265
63,270
318,119
205,149
234,17
255,203
3,233
2,228
168,3
146,81
298,19
199,284
165,195
39,45
131,59
173,190
69,73
143,294
23,137
300,308
117,144
152,319
19,232
314,29
126,105
214,148
252,300
127,12
196,311
79,33
170,234
251,83
76,31
107,73
72,85
62,123
62,94
99,201
247,245
58,89
44,140
161,240
53,130
150,251
66,1
196,165
7,287
160,58
94,116
162,98
250,134
204,319
276,255
156,165
44,113
255,188
185,188
151,46
184,302
193,126
125,305
252,143
224,96
312,102
92,223
194,57
168,177
218,151
231,250
175,296
84,136
68,222
197,87
31,132
194,2
130,206
199,99
32,112
169,211
286,60
16,68
167,159
95,23
110,3
223,131
3,193
296,88
4,10
158,194
90,247
63,310
208,277
205,53
215,82
48,317
296,133
189,165
173,180
14,261
14,197
27,214
85,192
309,234
205,3
254,124
253,102
7,68
172,143
162,83
111,51
59,76
47,231
80,246
178,181
83,122
172,271
242,116
320,169
219,294
44,78
134,166
82,112
23,79
24,162
304,159
41,135
317,311
251,279
120,146
235,180
30,274
246,130
111,306
1,244
292,218
138,167
143,121
113,219
126,117
30,160
96,261
234,266
270,259
234,46
107,58
95,312
148,19
222,135
195,185
183,148
132,283
143,208
316,233
105,91
122,228
213,135
249,140
37,143
105,316
214,7
60,317
11,265
132,191
215,230
234,8
6,222
162,156
75,104
223,281
105,194
107,314
28,155
204,298
241,315
316,11
190,91
52,200
149,262
5,44
279,36
110,29
262,268
164,96
302,270
241,112
35,148
116,72
29,92
4,265
210,87
58,92
36,38
129,232
127,90
251,93
55,33
32,127
144,31
74,290
22,230
49,73
71,166
202,177
289,127
113,171
102,141
32,15
73,301
33,127
108,89
83,191
116,40
153,84
250,268
281,283
30,263
223,225
116,22
36,101
116,283
251,126
79,255
28,235
309,90
226,153
86,150
104,102
148,308
85,192
128,113
320,3
279,246
284,83
134,98
222,258
236,113
190,42
33,74
290,145
32,139
22,86
139,116
165,236
48,277
252,254
275,240
313,124
119,117
227,283
1,52
250,180
60,220
307,188
302,204
156,57
319,241
164,300
181,282
78,100
216,49
278,45
110,202
149,259
51,312
169,112
180,141
315,297
231,42
210,221
258,53
98,34
14,98
95,145
222,53
106,130
1,141
210,242
88,261
28,61
296,160
244,168
269,192
187,220
294,314
66,43
161,219
190,70
98,145
161,209
85,283
302,116
17,68
99,313
222,197
146,95
306,301
139,268
200,193
103,149
55,272
266,13
256,307
76,115
115,32
251,127
92,157
71,3
179,242
16,240
142,57
228,225
303,197
264,159
93,253
30,95
103,302
81,6
234,130
105,23
291,309
161,21
144,209
214,311
42,77
56,285
125,66
280,97
115,10
109,144
176,27
18,24
21,315
317,33
295,153
93,150
96,192
106,133
267,78
294,68
275,263
52,84
234,190
85,209
61,165
189,11
39,171
289,156
113,78
253,220
206,94
34,5
94,4
199,124
255,1
48,157
239,132
50,48
5,181
222,55
267,277
125,285
304,79
114,34
100,202
270,232
315,59
137,13
250,23
191,184
53,130
113,265
49,76
208,166
186,132
135,100
187,160
318,68
186,95
26,261
64,315
30,2
58,285
86,150
298,97
167,198
295,124
186,93
33,35
43,44
310,246
245,159
292,133
278,128
215,123
239,171
205,127
275,203
283,238
142,180
267,180
195,218
27,174
246,58
291,31
137,7
113,148
143,96
155,207
131,122
309,261
248,24
314,91
23,55
103,117
139,198
215,90
303,279
298,136
293,265
38,253
99,282
178,7
120,123
269,100
284,81
262,314
67,73
26,47
29,301
278,100
112,278
21,200
271,318
245,65
245,67
123,2
283,144
20,127
115,276
102,302
314,285
16,2
57,189
157,238
103,287
298,246
195,278
90,249
65,320
88,239
1,192
68,88
257,185
28,213
38,276
49,163
126,105
198,316
22,253
301,98
307,26
103,98
114,3
200,285
99,218
128,91
299,152
210,269
189,229
181,211
317,37
220,74
32,305
10,244
259,128
317,40
52,85
98,285
24,80
78,188
138,17
303,260
132,212
244,46
223,100
152,193
81,136
207,187
167,60
132,33
64,56
178,46
96,125
122,276
155,20
318,264
309,130
90,315
241,206
5,154
318,239
176,171
177,131
106,4
289,222
252,101
266,60
92,78
224,262
187,256
110,21
81,129
158,163
278,291
255,42
283,110
77,156
207,281
151,166
163,249
80,294
10,194
234,271
178,44
100,38
282,33
225,107
291,301
249,24
22,7
63,282
58,133
194,56
208,74
265,131
29,316
56,122
294,249
248,180
260,150
123,144
40,174
19,89
123,53
174,84
85,87
58,18
243,35
269,260
57,239
139,188
24,161
301,195
157,99
197,211
175,296
58,223
291,127
193,270
60,281
239,28
55,24
99,148
103,182
79,154
44,230
141,320
83,135
57,48
2,208
21,45
62,33
114,82
280,161
28,239
106,222
177,223
62,299
28,278
249,212
22,285
227,172
235,85
37,65
192,269
291,14
223,83
124,85
80,284
54,278
35,69
135,40
101,47
50,125
243,79
172,167
23,185
318,81
204,294
261,54
61,35
4,219
132,139
127,302
98,112
66,239
106,285
256,130
257,36
266,224
119,217
316,161
104,88
235,151
1,104
302,248
12,316
135,314
200,315
20,59
180,115
107,3
170,136
164,315
241,253
114,67
29,282
39,40
206,298
66,171
175,248
286,27
40,266
196,126
31,276
313,259
261,248
235,128
3,125
273,36
260,170
222,289
101,273
208,166
144,249
1,201
98,70
133,318
96,249
17,44
197,243
211,177
307,187
278,231
46,102
204,273
151,104
108,24
233,35
35,34
163,160
108,70
180,86
250,39
73,177
58,185
192,176
57,67
277,231
315,320
60,255
312,42
66,287
81,315
208,146
320,255
272,16
94,132
39,234
161,16
125,143
9,81
11,187
316,8
183,7
94,37
247,256
15,70
300,117
213,177
130,276
164,196
191,134
304,212
53,71
99,105
125,22
16,139
194,277
144,151
289,280
297,207
65,38
18,139
237,81
315,121
115,135
27,36
226,186
59,303
158,188
282,309
145,233
309,5
191,106
294,59
158,311
281,61
131,99
2,29
170,116
254,68
40,145
297,42
80,131
136,67
208,98
279,100
169,137
209,128
162,16
1,24
255,186
26,12
141,153
151,97
27,12
67,84
247,286
59,87
212,205
219,241
189,79
124,200
107,198
175,305
117,140
293,104
41,12
212,40
190,148
199,181
12,118
52,105
108,173
1,286
273,152
212,204
140,190
16,18
31,34
66,185
37,203
241,189
194,315
40,244
149,270
314,262
266,79
199,26
311,308
96,186
67,78
146,129
168,74
171,295
266,217
91,77
150,183
116,61
132,250
31,78
223,220
62,66
305,172
62,281
96,273
59,131
76,78
42,55
82,253
235,152
89,100
22,8
68,190
19,96
100,222
246,315
251,35
53,72
271,316
44,277
44,282
307,173
112,165
71,298
182,153
20,51
88,312
207,264
182,216
188,68
67,186
37,18
27,194
43,125
128,5
181,230
96,60
115,49
123,206
70,3
168,228
141,221
165,189
300,253
89,275
102,283
178,221
2,116
33,255
33,222
131,270
208,125
255,133
202,73
33,195
44,115
116,210
93,271
7,43
31,192
135,208
19,192
80,243
283,296
208,300
71,207
128,246
193,141
34,69
291,144
94,102
27,25
117,16
255,272
186,36
266,69
291,40
305,284
302,262
317,150
73,237
279,93
289,106
39,116
98,77
227,127
186,310
37,138
246,237
139,229
63,101
5,278
79,287
235,136
245,50
45,236
219,184
251,138
14,149
242,83
244,299
89,111
86,76
21,73
58,181
299,3
96,152
130,139
312,67
33,215
51,310
116,40
253,237
160,4
288,296
254,20
198,257
206,30
78,160
121,262
296,36
281,2
11,230
202,125
207,43
116,144
211,11
311,57
59,298
214,169
162,4
236,94
53,185
170,261
292,67
124,63
274,45
37,169
50,175
223,95
210,180
208,300
202,129
26,99
9,22
44,48
307,267
191,20
169,175
73,299
183,88
78,27
260,156
295,125
115,213
89,38
267,175
266,47
140,106
277,279
153,159
124,110
103,296
117,195
143,18
300,118
277,49
206,84
83,262
134,122
120,97
68,204
176,164
88,30
316,86
53,153
8,31
281,214
129,54
26,23
286,277
91,292
164,80
116,270
183,194
19,59
309,250
166,5
79,304
245,210
76,110
3,40
61,126
266,237
46,116
138,11
241,286
282,196
1,27
250,155
176,84
317,135
269,13
137,258
261,246
169,217
311,48
130,64
160,244
180,286
26,303
139,66
173,31
122,44
204,229
155,239
127,195
54,295
306,217
288,304
210,213
249,147
74,146
287,66
259,156
110,142
139,20
76,306
220,296
297,232
182,109
256,60
196,198
259,234
33,135
12,75
290,184
224,300
228,231
82,116
302,228
264,140
102,303
203,169
37,231
120,146
235,223
97,297
214,73
94,29
12,88
158,190
210,93
19,92
300,315
121,37
4,205
8,205
310,259
320,301
26,236
129,184
44,141
60,170
251,244
100,152
67,293
85,251
251,6
30,8
240,177
58,117
206,224
39,221
256,166
123,129
237,169
224,105
316,122
99,176
311,253
154,297
113,44
200,12
141,37
233,78
213,28
79,168
37,153
85,34
267,189
23,216
250,76
253,5
168,144
269,42
243,253
14,223
228,315
121,316
14,132
155,301
141,40
9,100
104,252
51,232
142,101
228,286
266,285
80,54
165,26
235,180
311,117
15,131
134,38
164,23
32,201
246,80
294,218
298,40
182,124
61,155
105,285
62,242
272,216
317,7
5,235
242,35
113,208
262,153
14,238
140,97
256,198
300,11
50,37
25,266
128,293
37,217
170,6
232,291
244,230
110,237
65,75
15,170
168,218
2,61
209,202
189,285
21,129
274,116
208,240
225,140
255,316
88,273
82,227
275,303
126,93
128,168
255,170
232,125
95,227
23,222
51,16
23,118
16,65
65,216
189,39
296,188
264,27
233,16
148,302
110,286
210,58
148,130
302,43
292,4
309,195
11,82
158,49
29,20
77,308
185,81
182,70
173,161
33,111
95,179
32,189
110,9
189,184
119,3
43,191
304,37
37,103
53,317
1,269
301,57
213,297
281,116
210,123
281,195
316,184
54,150
73,36
261,156
204,17
259,43
162,22
275,307
81,202
126,299
180,212
72,172
141,48
191,93
24,78
262,190
80,175
189,123
264,215
137,64
117,279
211,169
15,160
94,255
109,295
15,186
36,308
120,44
303,42
287,128
240,124
190,106
208,310
208,186
240,212
230,135
113,196
299,128
36,138
275,199
82,309
269,210
277,15
134,116
284,98
319,126
128,13,66
314,320,189
98,63,226
265,222,221
270,112,23
11,225,78
137,108,247
2,127,228
229,6,301
205,181,1
309,93,274
40,252,258
29,127,180
60,18,25
270,140,316
153,195,188
70,213,231
261,164,176
265,270,213
237,178,82
165,100,231
273,249,284
150,272,90
134,101,184
121,284,66
37,94,21
65,61,96
303,289,194
99,264,106
254,118,97
249,7,111
106,304,204
110,180,146
235,232,153
184,44,23
50,79,207
260,199,17
190,281,22
252,131,250
296,69,221
121,95,83
87,79,12
113,2,31
89,38,182
197,298,18
14,27,64
312,213,1
18,153,298
247,136,91
261,224,305
233,69,179
216,247,274
221,27,219
169,296,114
139,122,40
101,150,116
257,66,47
163,208,105
303,314,208
113,108,119
249,166,68
24,265,283
122,253,31
82,210,21
214,129,163
163,216,71
299,261,146
10,33,181
63,302,112
170,89,247
106,138,98
304,220,285
285,154,86
187,35,281
76,77,147
273,247,177
256,94,318
86,4,190
156,116,148
33,73,291
159,141,2
121,134,32
44,160,165
241,313,110
105,226,125
79,70,195
271,63,55
95,86,38
263,146,24
197,6,139
33,93,40
205,97,111
132,288,315
83,278,204
311,80,283
152,270,298
77,160,207
31,168,251
311,215,147
106,270,269
59,259,98
98,277,239
118,111,84
53,257,199
16,84,309
25,159,76
113,114,137
285,90,184
298,297,49
174,161,59
86,246,272
94,44,27
137,109,142
283,114,158
307,116,185
10,67,12
22,169,48
223,167,112
196,297,123
146,143,168
176,37,284
186,217,127
273,33,201
255,210,80
270,86,235
36,65,178
301,264,292
82,233,168
67,129,10
316,166,191
176,49,205
314,34,120
25,85,151
270,37,219
207,60,55
291,3,189
104,268,249
169,7,248
71,126,61
258,99,105
4,291,203
103,250,66
53,286,172
109,210,44
230,94,301
287,140,108
285,242,288
131,298,318
12,279,73
284,311,277
34,69,301
117,235,320
131,47,311
121,165,292
281,264,95
25,232,113
303,180,86
168,154,200
10,39,212
10,20,62
105,14,275
154,139,6
38,300,319
253,147,304
303,170,276
143,171,27
70,79,45
194,24,68
198,91,214
277,124,224
36,192,95
8,310,236
55,178,312
286,90,74
257,24,1
71,250,308
169,143,185
31,240,285
120,277,163
161,48,158
266,119,210
33,319,92
199,213,13
17,266,286
177,135,81
155,65,147
56,5,216
320,226,10
63,181,147
292,231,124
117,307,78
118,101,83
56,85,304
154,276,52
43,207,258
264,72,247
177,147,266
250,13,58
4,165,265
246,154,35
251,293,1
97,274,312
171,270,178
124,212,209
255,210,309
28,144,90
300,142,77
277,254,150
239,176,219
218,53,171
26,240,222
188,23,252
79,65,40
184,130,33
47,29,134
122,35,228
43,26,63
305,185,90
205,155,62
39,225,204
32,242,212
29,265,185
169,38,192
65,26,304
32,264,105
18,233,181
59,76,53
71,253,201
317,49,146
143,124,101
224,90,253
90,20,194
315,46,164
185,237,268
52,198,254
40,88,163
138,85,295
171,57,151
228,264,31
235,227,168
284,266,177
223,178,285
86,255,62
307,268,287
212,142,213
63,31,27
172,173,319
276,72,294
74,111,315
116,224,57
140,285,76
304,106,33
156,309,5
64,266,183
105,3,266
194,220,265
179,132,161
79,68,39
114,298,7
92,4,175
145,99,115
299,320,246
232,290,3
288,103,50
81,230,138
159,68,107
123,281,38
247,282,245
301,150,67
34,229,110
2,188,146
92,31,104
207,272,53
285,280,108
47,283,157
313,150,177
12,186,219
11,53,319
27,301,103
112,320,14
299,121,104
19,296,141
61,301,63
200,265,133
256,311,253
251,128,171
80,121,51
17,197,133
238,112,184
230,224,149
267,172,32
65,21,311
78,158,184
275,93,6
153,50,273
156,48,135
125,155,253
216,39,14
202,228,224
173,102,260
96,296,200
92,241,158
63,241,216
44,118,203
265,71,315
84,306,143
317,137,5
218,148,233
48,21,159
292,107,58
198,113,300
153,128,313
109,200,318
281,132,97
131,66,236
177,141,77
270,216,7
184,257,77
177,14,161
24,192,46
305,183,98
82,147,194
257,251,103
237,15,264
136,84,253
93,83,74
122,114,172
172,54,39
144,72,16
68,109,43
202,221,303
165,287,258
193,151,112
298,189,245
285,176,3
146,264,301
144,61,228
22,65,157
143,230,296
178,266,318
86,307,250
270,15,82
43,129,168
47,43,27
145,245,213
167,164,90
292,279,69
97,179,320
306,256,284
32,272,122
305,44,289
64,249,165
113,66,46
209,290,217
271,92,159
287,158,53
111,273,4
6,1,153
99,229,89
261,254,69
258,293,15
43,50,32
42,122,277
120,104,308
209,272,42
35,255,276
70,233,311
188,297,234
226,189,215
292,61,69
151,97,184
47,194,41
137,312,177
24,36,149
89,319,300
72,54,226
45,167,204
313,64,2
14,168,176
186,222,55
255,206,62
293,59,124
271,83,199
66,293,35
158,286,311
61,42,59
212,290,196
90,286,197
181,48,205
70,54,312
5,270,89
142,1,133
163,160,233
84,270,244
120,224,60
303,259,320
285,170,2
223,250,165
73,170,195
192,305,8
112,183,126
99,100,240
237,286,295
2,184,40
222,31,195
205,67,302
300,36,218
13,302,139
108,278,107
298,220,20
152,192,78
161,275,288
128,166,125
279,302,206
21,147,290
201,213,193
213,264,266
1,148,256
78,173,223
316,248,92
183,219,312
11,34,187
145,101,52
163,176,250
81,279,66
233,106,308
105,172,225
62,64,270
168,220,35
98,31,288
207,169,315
256,234,16
94,285,234
166,110,145
235,170,126
222,53,2
227,74,245
74,311,177
55,206,272
176,163,78
148,214,268
45,89,252
226,256,31
257,87,215
113,139,40
278,19,221
268,256,119
21,210,42
181,75,185
290,316,129
34,180,21
75,190,49
145,174,271
115,314,282
270,235,163
218,199,151
274,290,181
236,214,307
304,6,80
57,271,257
229,56,223
13,246,222
6,180,318
89,30,32
247,59,178
104,29,70
238,11,150
209,246,176
215,92,249
82,108,6
214,285,148
56,307,13
183,74,132
146,286,117
31,278,174
84,150,94
197,5,72
131,320,6
56,298,110
91,245,184
142,48,248
227,290,152
299,135,160
255,298,305
28,99,196
108,46,230
196,260,306
297,218,114
149,226,127
317,150,110
138,31,4
205,274,94
210,217,14
230,295,106
6,166,10
269,156,140
193,225,68
319,279,174
147,313,17
317,210,267
141,56,302
181,17,286
245,198,291
234,320,9
246,201,256
153,202,186
98,307,96
72,91,208
102,25,282
187,163,25
254,208,3
257,186,54
83,175,74
160,178,145
126,98,313
291,56,25
100,65,123
57,300,67
285,172,269
191,71,264
23,235,225
316,209,125
18,125,316
246,77,295
199,296,33
178,224,180
196,241,150
271,151,48
192,8,261
83,45,237
155,171,182
239,65,251
291,111,34
140,251,6
5,112,136
8,131,277
178,300,290
65,99,87
138,199,189
76,141,72
186,146,231
274,94,192
95,138,284
172,162,103
44,214,234
45,20,181
191,305,112
188,162,38
104,38,103
226,299,251
50,77,218
290,148,180
241,147,216
42,126,107
45,284,319
216,243,257
143,203,214
207,155,255
25,208,209
215,42,109
267,272,228
8,2,77
179,160,65
85,57,18
24,217,75
238,9,175
317,222,301
160,217,239
132,254,35
162,59,80
158,97,63
27,198,175
294,109,100
10,22,164
209,292,282
1,62,229
289,115,67
210,9,14
26,263,160
153,155,175
268,297,113
307,73,147
130,267,7
59,20,94
301,229,53
1,24,304
219,161,163
71,201,1
128,26,146
179,58,77
193,6,272
75,272,263
158,237,115
163,285,153
307,281,57
248,69,273
84,172,91
305,268,28
268,73,101
303,63,305
251,316,232
23,49,199
246,97,118
277,203,85
291,155,13
304,1,214
264,103,1
179,180,140
72,300,124
19,37,243
224,138,226
268,166,201
137,109,83
28,45,86
43,280,53
122,206,229
292,319,162
203,73,183
70,142,299
304,149,111
193,178,214
61,156,181
58,53,219
59,272,154
73,274,190
193,261,248
90,107,110
214,299,81
153,253,157
149,277,50
314,28,275
252,141,22
23,275,117
189,133,238
73,265,7
117,6,244
33,49,189
144,158,315
24,193,112
23,261,24
255,38,20
97,174,83
58,1,68
13,285,83
6,286,296
171,38,9
215,6,225
179,243,283
291,119,42
185,204,191
190,116,69
36,173,202
118,207,20
47,37,2
9,35,93
241,282,230
159,44,184
72,39,298
93,6,169
192,84,28
102,239,245
282,210,206
295,276,30
118,2,274
131,85,86
214,294,286
163,204,133
178,174,305
66,220,239
108,158,208
180,162,227
116,106,131
302,1,123
136,157,197
297,154,4
264,163,261
285,159,278
295,215,179
262,272,173
308,105,240
202,310,9
236,278,49
233,107,278
10,266,142
319,97,179
297,160,173
2,56,184
300,13,8
169,4,122
121,105,279
220,255,275
220,100,57
83,302,233
308,21,29
184,138,162
204,306,56
245,307,195
315,48,104
164,227,309
290,271,245
136,77,19
25,221,60
215,74,5
229,232,259
68,255,22
250,77,55
202,108,132
46,123,301
266,78,256
61,52,248
240,315,129
25,113,273
131,224,311
284,288,58
197,267,183
4,43,81
54,34,76
202,286,257
91,145,152
191,182,253
185,154,163
284,202,266
153,185,4
1,276,88
299,256,170
37,194,313
119,277,209
312,5,117
254,280,172
59,111,219
203,254,152
307,219,15
51,169,184
208,249,84
160,109,169
29,287,150
81,71,132
282,244,206
253,79,111
40,120,87
76,314,168
164,234,182
111,102,280
168,317,38
37,165,288
99,118,85
155,57,80
47,129,271
85,13,261
71,12,238
298,177,263
83,209,245
64,284,309
107,72,76
277,143,96
285,167,300
235,47,177
54,297,47
129,282,320
161,215,265
40,166,135
10,234,293
100,16,181
260,23,278
130,250,88
231,110,312
98,232,290
197,310,210
292,244,129
250,113,288
56,69,183
268,225,165
94,309,272
145,51,89
217,226,320
63,22,108
165,70,11
319,240,320
108,158,170
171,15,40
19,141,189
116,67,254
77,268,135
24,239,124
138,217,265
98,74,49
66,125,160
60,170,269
100,97,71
236,66,147
270,153,309
32,144,17
313,184,97
250,44,125
66,196,40
276,71,286
287,61,249
293,276,320
31,172,88
13,306,297
300,221,17
147,233,151
231,78,152
147,56,12
316,183,238
233,169,216
110,44,176
289,63,150
134,87,164
149,31,244
117,245,281
145,100,264
250,178,166
251,15,22
126,292,40
3,202,240
318,194,27
314,221,295
52,264,303
89,290,254
217,140,177
228,51,75
296,294,86
66,10,14
101,119,105
255,109,97
6,204,100
309,92,78
23,258,28
109,224,25
229,162,295
5,156,245
206,49,147
255,131,9
68,226,39
153,182,279
151,234,193
125,320,302
198,226,41
82,211,14
236,53,290
216,164,2
14,55,288
178,113,13
129,127,190
212,67,289
91,143,3
233,309,258
82,71,290
304,297,44
270,298,293
205,175,180
165,27,33
11,19,116
66,257,235
6,32,31
307,64,188
41,279,134
190,15,194
32,66,175
108,10,274
320,117,65
164,169,293
309,85,280
247,310,267
111,65,173
48,134,131
49,77,38
114,262,146
145,306,214
147,16,111
63,40,5
41,85,20
163,75,289
265,36,210
175,133,197
37,219,307
282,106,116
280,256,148
37,141,91
277,296,80
17,199,106
36,100,133
139,171,164
161,241,235
208,234,247
274,278,285
246,286,10
204,282,299
23,83,209
74,289,139
106,282,182
263,28,306
195,242,36
291,34,9
109,61,56
61,171,18
307,115,262
22,175,155
309,32,275
29,183,205
70,316,39
205,200,3
279,133,193
174,26,274
207,240,170
256,47,220
103,194,77
102,14,104
253,60,231
135,190,268
142,252,316
73,305,88
55,58,12
299,136,250
188,27,228
17,13,165
61,21,83
161,278,120
67,260,255
99,312,25
286,44,58
65,177,189
129,177,246
68,242,293
193,17,142
107,193,277
41,278,231
181,60,221
120,2,238
308,315,80
284,280,154
252,178,112
196,26,77
146,85,287
51,58,152
306,198,10
264,119,46
53,297,258
262,56,200
159,168,313
227,13,291
267,135,48
32,9,194
39,58,271
299,15,75
32,312,260
304,194,250
101,205,281
218,42,110
314,277,145
214,79,285
108,305,106
252,161,41
154,84,36
272,111,157
234,107,178
38,241,315
232,275,271
46,273,140
264,291,83
232,105,113
45,311,5
156,153,278
3,141,204
62,131,180
204,171,92
150,215,122
124,267,139
229,96,177
81,96,266
266,144,51
26,203,198
296,133,167
312,112,97
149,161,21
27,94,220
81,40,149
232,249,316
316,100,46
98,300,284
38,48,40
241,284,175
280,117,275
145,232,79
106,49,153
313,229,129
191,264,18
154,281,229
262,74,10
317,67,124
176,145,6
254,276,267
242,270,262
223,99,317
207,49,47
165,149,319
279,109,271
185,128,116
168,8,112
48,26,79
68,244,174
194,290,279
196,217,281
311,91,32
201,42,50
19,311,283
291,31,119
262,264,17
264,200,229
178,159,152
217,101,104
186,109,111
152,14,198
68,9,131
126,102,23
182,103,118
159,318,69
43,135,237
179,169,147
194,203,290
273,1,312
192,152,174
305,71,64
50,288,189
145,92,115
239,129,235
264,20,41
133,232,295
86,203,94
257,276,61
32,238,20
244,33,84
229,59,309
305,16,192
155,175,209
107,141,240
214,274,35
133,313,23
196,114,94
22,83,206
158,315,173
228,236,227
255,104,56
107,140,261
171,239,146
241,282,175
246,62,204
304,284,268
155,210,221
34,187,128
102,125,19
302,96,41
83,229,286
191,265,2
7,192,161
8,272,102
162,216,288
73,117,315
234,10,138
238,75,74
130,9,151
88,26,307
3,167,11
117,170,262
194,123,205
272,149,146
98,54,1
68,264,300
195,91,157
159,83,256
188,13,55
220,315,125
227,113,269
9,94,39
10,1,215
207,94,272
175,119,295
264,83,21
153,84,296
315,319,310
99,217,281
192,172,21
304,89,292
102,15,66
101,282,154
215,136,295
130,297,74
192,47,262
308,113,68
231,46,195
246,21,227
100,305,163
176,254,24
296,286,63
118,146,68
304,24,132
10,144,236
78,97,283
311,279,84
66,197,122
25,167,222
276,145,179
236,284,317
197,265,206
50,120,309
15,121,196
252,71,277
275,194,65
213,284,100
255,40,206
28,223,53
155,39,86
260,185,219
120,25,102
147,66,268
267,231,201
238,112,305
210,94,159
22,167,190
28,98,41
287,2,299
153,265,264
262,298,264
68,40,278
300,124,214
106,189,244
234,251,161
174,126,239
205,91,55
178,98,42
89,110,87
59,35,10
245,46,242
252,153,75
167,7,59
20,102,140
212,60,132
218,204,110
62,19,278
294,36,259
12,306,70
175,303,94
285,39,144
194,19,128
308,260,53
178,299,266
95,91,133
148,300,24
319,76,197
276,141,159
55,83,89
250,262,5
34,253,267
99,52,298
111,180,17
66,315,271
233,48,56
22,153,39
160,238,152
11,170,307
130,154,123
3,116,202
301,231,146
73,222,76
124,83,252
116,252,269
164,217,268
137,111,13
144,312,64
276,91,234
11,79,85
244,90,130
285,112,60
256,277,298
65,214,17
194,295,296
233,232,90
139,53,292
107,100,30
226,157,281
288,286,55
20,46,183
227,98,41
265,291,52
46,239,156
297,244,42
229,145,250
28,52,310
173,41,197
185,236,210
28,89,130
23,126,230
267,318,2
87,77,81
286,186,38
232,296,190
185,58,9
67,196,68
119,268,11
151,169,116
203,240,47
203,236,36
259,132,157
251,103,62
115,186,241
315,98,101
28,291,142
121,13,17
161,79,46
19,132,95
242,84,273
219,171,302
160,250,167
279,146,111
88,123,148
115,152,59
78,205,169
177,110,1
234,169,70
36,33,144
129,154,152
47,86,142
267,79,276
213,282,53
312,119,66
104,232,3
142,290,210
67,71,89
220,73,246
187,133,154
200,84,195
120,163,145
94,211,47
214,286,127
176,246,83
313,315,103
183,86,282
257,159,32
57,127,183
107,265,310
306,11,248
134,9,249
284,134,159
220,270,175
140,290,33
84,278,147
137,163,246
122,305,191
2,95,289
29,126,21
272,238,199
201,190,184
61,234,38
183,81,272
72,3,274
306,65,296
66,298,307
206,228,158
243,83,1
4,66,224
249,253,8
109,140,84
44,53,282
112,179,254
216,295,28
90,241,17
131,247,252
253,186,168
138,20,248
220,51,22
84,17,48
57,18,296
216,138,189
318,144,199
93,255,98
56,101,82
315,73,172
196,279,96
312,271,43
26,144,91
85,271,148
17,107,10
200,257,150
255,40,79
128,241,142
31,112,99
164,72,264
259,308,104
45,283,92
177,199,132
290,154,90
260,55,92
135,65,311
121,151,37
144,95,108
124,48,215
167,124,176
178,242,207
7,78,167
135,185,61
134,25,318
95,73,11
291,144,292
91,83,192
55,112,208
296,68,109
250,29,75
305,190,87
288,29,220
130,21,48
103,175,31
2,136,252
312,257,173
267,286,101
84,286,95
14,105,36
55,134,239
109,170,41
99,4,31
89,5,215
188,197,241
159,161,5
215,98,116
155,310,50
133,222,240
173,71,79
17,207,79
159,271,49
179,31,193
54,25,43
124,194,188
315,154,66
286,80,146
21,167,154
178,221,23
175,264,177
312,144,233
310,151,239
189,143,3
194,138,39
163,273,264
244,266,232
133,252,243
274,69,29
37,275,311
184,21,6
257,298,266
117,14,259
59,282,259
287,166,267
79,262,5
262,309,133
139,176,38
54,15,121
35,41,105
113,305,243
66,269,206
100,213,233
13,129,205
237,110,74
134,256,153
21,302,114
191,34,154
124,303,281
27,80,246
116,75,296
271,104,119
70,140,207
43,287,122
127,216,19
272,235,58
254,112,98
24,37,236
222,293,270
188,269,121
154,279,82
319,232,174
148,17,229
90,133,174
238,11,29
74,62,107
35,128,15
57,269,134
208,29,313
174,38,230
132,71,248
140,46,100
45,192,307
154,277,55
103,258,285
285,274,38
238,104,162
250,112,299
46,119,150
298,103,318
170,191,52
167,317,31
143,152,59
296,36,74
17,12,219
235,291,47
138,132,175
272,253,189
187,50,248
266,228,2
96,154,115
163,57,56
65,152,308
295,288,64
248,96,257
11,210,48
162,290,251
94,257,197
112,59,201
3,137,292
261,257,69
33,279,90
38,298,260
128,18,70
36,79,166
229,189,66
246,126,182
181,196,292
74,314,313
15,87,130
242,47,129
163,60,287
123,319,259
193,39,200
249,153,242
119,194,236
248,315,74
64,149,112
121,21,114
275,209,59
45,214,38
280,82,59
143,260,27
127,319,229
228,105,249
87,247,284
70,153,69
163,306,123
40,75,291
320,46,5
238,74,84
191,283,232
188,41,305
185,234,258
84,106,203
70,127,7
132,290,272
68,126,201
123,193,213
229,239,14
36,179,278
7,33,223
224,164,181
54,10,205
145,254,220
222,175,291
29,21,247
127,270,152
18,318,20
97,195,320
78,175,242
263,209,247
80,310,287
317,21,285
170,100,258
106,91,94
211,60,72
233,183,99
95,70,207
298,214,244
70,301,204
80,295,141
111,55,271
283,219,172
164,20,263
302,239,121
69,72,30
287,6,292
251,310,43
70,231,29
59,77,70
225,239,270
51,307,253
107,200,41
263,95,207
311,275,90
198,70,84
67,164,234
65,213,157
180,111,200
85,175,54
215,138,265
124,15,200
227,143,303
266,146,195
106,140,30
84,213,109
224,209,299
9,51,170
69,264,40
167,19,119
164,159,270
263,12,1
202,125,129
297,20,134
121,77,19
96,107,175
281,138,232
244,49,276
160,199,63
12,120,123
246,309,68
147,316,260
207,286,147
184,2,77
35,10,170
303,74,205
110,253,89
215,121,205
102,294,216
172,272,144
283,193,130
138,28,73
208,168,94
151,250,134
156,295,71
178,248,97
96,44,187
51,175,139
211,185,267
274,230,190
66,25,261
263,201,307
149,309,254
277,240,82
15,104,21
167,273,165
170,294,312
311,80,175
14,29,293
234,57,313
12,142,61
145,164,189
248,2,34
225,320,75
68,84,50
107,110,262
192,25,230
149,221,224
309,167,156
170,214,43
58,80,2
37,301,99
155,209,42
28,207,232
78,57,100
55,310,181
283,294,195
215,139,210
177,100,258
280,7,136
211,293,81
275,213,251
71,137,184
22,138,42
132,183,255
175,22,286
169,171,266
67,108,215
25,295,88
98,86,235
276,47,204
317,85,279
143,162,240
72,283,50
158,162,251
160,54,287
54,283,59
229,61,243
24,289,150
30,114,180
316,134,148
89,217,213
72,98,258
216,73,49
170,171,131
134,8,218
269,169,307
76,287,302
193,2,207
52,230,274
94,128,178
19,8,196
147,274,180
49,91,2
310,235,166
252,272,171
44,45,56
88,181,255
167,63,234
317,294,169
29,65,231
42,159,93
115,155,149
275,266,150
277,198,316
35,210,311
261,61,290
315,234,212
269,167,68
14,260,104
89,196,29
181,284,263
294,113,60
212,274,28
262,311,268
311,284,307
316,217,258
98,71,63
11,80,223
303,268,58
239,193,170
3,137,288
119,103,227
138,287,164
17,27,251
319,249,56
221,293,311
35,203,16
17,126,302
154,232,157
2,160,280
257,262,271
17,21,61
182,176,202
231,213,149
319,7,122
169,140,58
87,85,184
12,136,279
220,272,134
50,282,217
101,266,79
44,199,60
74,224,252
232,221,297
174,109,286
75,158,237
283,313,277
30,143,206
197,36,43
6,155,91
120,268,119
40,275,108
141,99,317
248,210,164
154,77,87
201,298,259
161,120,216
150,253,244
184,212,216
152,52,88
238,319,56
36,116,194
101,294,185
315,281,209
309,39,7
178,11,236
92,134,105
204,72,177
254,259,72
107,86,180
190,213,228
146,38,142
142,168,286
63,199,267
245,41,95
155,88,243
22,30,202
237,195,298
79,50,7
199,266,131
26,252,31
227,135,6
225,289,80
169,239,319
251,21,137
16,254,156
181,106,255
307,57,88
136,194,260
27,216,54
21,69,267
301,278,7
67,116,43
273,136,44
37,272,75
17,111,54
258,111,281
100,137,243
307,43,300
155,162,213
98,219,52
131,198,249
91,299,7
48,307,126
43,24,150
13,49,294
254,207,158
259,277,38
279,258,289
300,78,130
116,241,20
249,137,279
110,303,51
144,252,154
201,51,184
214,304,61
90,151,155
111,161,40
154,299,189
257,12,244
229,215,24
215,67,47
207,82,49
185,34,84
201,279,289
231,154,112
27,284,1
223,75,35
163,157,1
65,125,23
216,91,215
222,263,110
318,278,120
244,79,87
109,73,80
56,99,5
68,302,158
249,130,229
220,47,19
82,277,220
197,39,200
252,206,274
273,230,270
306,293,77
30,110,119
19,105,310
252,279,107
198,311,240
113,248,39
81,154,65
199,168,216
155,72,75
232,107,184
25,57,102
253,267,25
76,46,45
209,244,247
269,26,172
76,21,19
128,123,76
4,254,95
290,99,309
244,185,229
170,104,197
24,301,109
72,43,50
245,105,316
12,317,313
63,128,133
306,193,251
213,148,298
48,86,18
118,290,275
267,20,86
64,96,182
161,204,187
135,197,9
296,277,132
122,157,103
49,299,203
152,293,127
114,185,238
71,160,205
67,281,14
17,242,33
166,118,6
242,252,240
256,142,126
124,235,24
318,149,203
48,285,59
107,228,144
208,71,152
220,49,260
305,3,67
15,32,254
296,103,290
119,264,267
238,32,220
263,38,84
227,164,87
301,253,109
291,1,152
48,149,262
140,232,181
5,146,318
275,260,60
227,110,126
68,12,226
22,158,114
48,213,153
195,309,245
226,13,91
135,112,195
86,306,65
112,109,97
175,201,268
33,125,86
49,81,269
11,239,109
77,216,3
22,255,180
214,173,219
190,171,98
146,100,226
199,184,317
239,146,34
177,186,263
141,160,65
200,300,16
23,104,26
251,223,92
123,125,288
17,124,308
178,104,93
84,231,139
16,113,4
144,107,74
308,201,314
88,93,298
50,183,54
278,221,119
126,267,120
255,125,113
42,23,258
208,84,273
261,136,19
114,112,30
218,269,209
306,140,12
69,279,305
12,102,252
191,89,192
79,318,225
289,239,230
240,35,117
258,20,227
43,202,183
140,114,164
285,315,168
38,144,177
1,136,82
178,106,116
143,140,16
286,68,215
189,275,94
30,192,152
68,255,294
281,2,66
34,125,283
77,89,270
189,195,192
87,243,39
128,221,274
216,308,318
169,135,192
256,267,292
264,287,24
130,128,222
164,25,45
199,272,121
16,260,229
43,185,94
26,145,233
179,75,26
196,141,100
288,124,215
68,17,286
38,19,302
32,40,158
186,80,203
253,17,216
281,72,131
228,295,249
199,46,54
166,59,136
272,228,111
13,262,63
140,52,192
247,178,160
188,141,277
33,75,141
292,159,281
94,283,33
10,156,315
91,197,256
115,316,137
209,304,163
48,116,159
167,309,142
257,300,129
306,104,157
58,316,242
309,134,189
303,246,133
81,199,148
174,264,6
153,3,233
313,317,128
19,276,108
29,94,290
60,277,43
167,158,123
183,86,116
255,316,133
312,71,272
297,95,298
148,22,4
238,98,257
256,236,7
111,279,268
68,273,289
201,243,279
190,147,9
199,253,65
90,110,104
28,315,76
100,96,280
88,169,139
38,211,102
208,16,292
301,166,52
35,79,8
319,92,37
38,286,263
238,291,105
253,7,291
9,3,33
53,50,139
142,245,229
12,270,153
219,303,44
244,257,4
310,160,24
164,236,124
140,157,36
44,268,293
221,3,171
218,78,150
164,167,133
51,12,267
320,78,69
283,220,225
210,169,22
132,227,216
70,252,75
92,175,2
26,271,312
74,283,227
121,88,82
92,194,107
40,279,295
2,316,204
202,289,223
97,24,272
94,116,260
129,88,101
125,122,65
13,208,293
299,277,124
281,95,46
246,143,308
236,93,302
142,34,244
258,318,156
95,190,216
149,185,69
228,215,103
76,270,285
178,244,3
44,268,110
299,292,214
103,259,111
304,103,68
206,299,158
37,243,44
98,157,282
249,13,61
140,101,71
98,105,257
252,221,33
34,150,206
48,230,286
14,301,123
207,108,232
7,248,193
311,234,281
287,305,43
71,64,227
143,237,117
263,119,87
292,270,1
46,257,260
86,123,108
4,71,74
226,280,317
151,117,257
33,173,246
26,132,200
199,60,20
102,119,161
272,68,257
111,250,15
201,158,167
106,16,114
31,66,210
97,1,312
221,60,79
308,63,219
248,275,108
140,47,300
233,263,65
6,38,274
291,2,204
228,184,105
193,29,225
184,287,45
255,193,75
22,20,294
240,205,3
60,190,69
275,104,14
266,318,4
55,243,291
90,203,146
87,267,213
49,50,301
5,63,220
84,158,304
211,81,243
204,62,143
189,87,82
194,307,264
40,25,317
72,248,242
26,283,102
272,49,37
85,271,272
42,144,294
57,320,289
175,181,25
244,138,60
61,21,289
275,12,297
95,210,202
102,294,244
296,273,231
298,199,73
182,193,215
85,92,124
48,61,98
317,24,10
177,78,296
218,261,106
226,183,161
270,299,37
1,245,261
307,191,237
206,134,309
131,304,178
69,58,97
39,48,10
81,268,49
118,265,213,2
275,43,170,24
232,53,67,48
199,177,192,289
66,240,65,76
250,113,208,257
278,45,122,186
225,34,208,231
162,60,208,12
176,293,173,152
120,94,84,90
86,261,165,291
155,256,122,205
282,269,115,297
135,261,308,292
174,194,290,107
260,51,252,175
50,82,245,222
17,128,303,192
216,215,128,262
38,29,118,289
109,303,144,283
69,129,244,242
93,219,227,204
87,52,284,218
214,45,268,84
250,2,170,77
8,74,33,309
283,309,239,140
317,55,211,307
93,167,306,124
298,63,217,110
82,318,167,282
112,57,65,166
5,14,42,240
128,134,285,200
154,79,101,219
312,78,314,316
279,219,288,315
104,251,98,81
233,176,287,172
47,52,157,109
159,267,4,157
187,304,54,28
2,88,142,144
232,35,272,1
280,252,170,64
3,207,241,50
203,217,71,274
306,9,61,228
58,223,15,236
113,116,223,248
243,184,169,95
118,155,91,137
93,3,80,67
110,277,6,27
32,252,166,158
303,261,188,165
95,212,184,111
146,152,126,120
139,304,272,11
173,131,18,17
86,135,200,299
139,46,53,71
270,259,13,139
96,290,126,47
277,60,262,320
43,163,128,173
107,188,316,200
114,129,213,303
238,202,163,51
173,153,263,58
218,171,59,313
40,173,316,167
33,100,68,320
235,279,153,264
198,236,297,99
127,243,84,294
287,260,17,27
122,170,219,256
297,99,298,55
27,260,284,166
177,265,316,83
92,4,88,282
223,117,198,204
20,78,238,27
199,166,248,10
30,75,285,318
315,9,181,158
203,99,25,235
244,108,259,240
290,256,244,279
250,231,233,314
73,139,292,290
190,117,74,252
270,5,17,81
13,278,98,29
191,260,105,265
247,306,300,189
152,5,46,74
21,108,213,313
147,194,295,298
82,259,311,64
296,131,2,54
181,192,116,31
211,6,148,173
125,152,124,73
191,212,3,250
314,27,95,297
269,172,92,257
123,56,222,144
185,174,29,135
49,60,124,157
111,300,252,106
233,293,191,286
109,199,88,278
303,238,208,103
314,108,315,213
278,165,29,319
171,209,298,241
30,74,156,72
95,250,208,124
136,204,206,119
65,93,61,150
170,200,113,248
303,87,45,227
34,211,200,13
238,117,194,83
286,15,127,289
99,37,282,92
34,288,150,107
27,46,72,196
191,296,138,56
187,138,296,130
182,288,30,234
71,232,121,166
181,27,199,320
225,121,219,243
23,84,213,122
33,271,112,145
315,173,2,86
90,308,66,79
177,35,100,54
35,178,190,224
18,139,252,301
154,240,275,92
120,217,214,276
215,252,280,168
86,91,216,57
174,94,32,105
194,202,182,266
22,71,77,240
93,279,72,189
131,289,184,301
118,239,151,290
304,261,297,95
271,2,163,137
242,159,157,77
235,43,105,135
131,138,19,78
15,96,271,124
118,178,318,70
74,158,100,246
150,219,256,36
7,17,43,92
244,117,142,42
42,62,243,156
136,29,217,155
268,105,310,83
197,196,295,205
55,219,105,160
114,14,171,183
194,246,278,99
220,297,160,153
248,166,239,265
77,79,231,175
227,42,297,27
3,194,117,13
158,41,297,30
89,42,117,150
303,227,56,150
179,51,131,128
153,2,110,42
112,285,147,70
31,68,286,22
227,78,279,47
132,117,79,259
242,138,32,18
42,297,248,73
267,316,159,256
269,185,221,150
54,9,213,41
269,217,104,113
225,2,259,137
214,169,90,305
119,275,12,232
19,21,1,177
128,171,83,64
199,66,234,70
85,14,7,136
249,137,84,72
121,299,76,196
10,254,128,103
84,190,201,171
175,10,298,23
189,129,37,218
319,113,18,11
161,125,308,314
104,47,305,302
156,143,119,294
232,64,93,239
257,51,253,63
255,145,213,305
287,166,95,221
283,47,120,225
271,310,160,203
208,170,196,186
77,219,74,136
254,87,45,282
108,258,205,224
319,73,107,65
151,46,147,129
200,237,164,302,168
305,286,6,265,40
198,2,27,225,159
267,248,203,87,54
61,256,209,52,64
142,238,124,270,44
302,113,186,99,164
